720575940541019256
720575940541033848
720575940546083827
720575940546550789
720575940546950661
720575940547112844
720575940547255481
720575940548129721
720575940548206024
720575940548286152
720575940548776838
720575940549860322
720575940549944379
720575940549965883
720575940550035808
720575940550664357
720575940550692773
720575940551456080
720575940551538880
720575940551579307
720575940551580744
720575940551721792
720575940551849458
720575940552062145
720575940552157099
720575940552362691
720575940552433919
720575940553110853
720575940553242693
720575940553477158
720575940553477670
720575940553743753
720575940553798424
720575940553825417
720575940554242072
720575940554495002
720575940554694770
720575940554914896
720575940555347332
720575940555350758
720575940555357148
720575940555357660
720575940555366020
720575940555458531
720575940555602670
720575940555916698
720575940555994746
720575940555995002
720575940556262762
720575940556283700
720575940556363554
720575940556525287
720575940556797511
720575940556948258
720575940557006173
720575940557014580
720575940557061154
720575940557072643
720575940557141085
720575940557191366
720575940557237597
720575940557265639
720575940557402583
720575940557426269
720575940557578620
720575940557680077
720575940557700445
720575940557868380
720575940558107915
720575940558141732
720575940558182948
720575940558263589
720575940558463703
720575940559002741
720575940559007142
720575940559245875
720575940559377013
720575940559469941
720575940559485741
720575940559500917
720575940559560565
720575940559569781
720575940559594357
720575940559640115
720575940559791707
720575940559912476
720575940560061925
720575940560070024
720575940560181989
720575940560182645
720575940560244197
720575940560305029
720575940560499134
720575940560550096
720575940560562384
720575940560798483
720575940560818768
720575940560842146
720575940560847952
720575940560889619
720575940561250067
720575940561257098
720575940561321945
720575940561445514
720575940561522451
720575940561523219
720575940561932205
720575940562348970
720575940562407607
720575940562409630
720575940562552437
720575940562872992
720575940562921135
720575940563036825
720575940563060121
720575940563074733
720575940563135385
720575940563320360
720575940563390015
720575940563528987
720575940563570817
720575940563619824
720575940563642469
720575940563696721
720575940563879777
720575940563916769
720575940564254967
720575940564690167
720575940564731101
720575940564752861
720575940564785399
720575940564920605
720575940565017185
720575940565125729
720575940565324783
720575940565334511
720575940565464303
720575940565616048
720575940565799790
720575940565920403
720575940566068385
720575940566087577
720575940566186899
720575940566213890
720575940566392684
720575940566630263
720575940566655863
720575940566708021
720575940566709813
720575940566801976
720575940567001441
720575940567246348
720575940567246860
720575940567247116
720575940567320985
720575940567358470
720575940567399477
720575940567413301
720575940567443509
720575940567575541
720575940567601720
720575940567601976
720575940567757490
720575940567764402
720575940567780493
720575940567810805
720575940567812085
720575940567829745
720575940567833997
720575940567889558
720575940567975434
720575940567984781
720575940568070965
720575940568100761
720575940568233622
720575940568423930
720575940568563865
720575940568614989
720575940568627606
720575940568735570
720575940568754510
720575940568791663
720575940569036395
720575940569054916
720575940569055172
720575940569180432
720575940569304402
720575940569445744
720575940569448900
720575940569702568
720575940569765406
720575940569919339
720575940570005849
720575940570017113
720575940570041241
720575940570100801
720575940570139026
720575940570139282
720575940570235835
720575940570241211
720575940570316377
720575940570341785
720575940570478133
720575940570555957
720575940570621337
720575940570655497
720575940570712609
720575940570739499
720575940570911553
720575940570960300
720575940571049183
720575940572239207
720575940572489049
720575940573057312
720575940573211545
720575940573698751
720575940573736265
720575940573899849
720575940573906680
720575940573922109
720575940573986864
720575940574117279
720575940574257753
720575940574868825
720575940575218260
720575940575284177
720575940575296345
720575940575393149
720575940575393661
720575940575427197
720575940575716367
720575940575846489
720575940575919293
720575940576103064
720575940576302937
720575940576602520
720575940576643525
720575940576674581
720575940576812952
720575940576841469
720575940576920479
720575940576920735
720575940576931644
720575940577506719
720575940577764248
720575940577796562
720575940577874121
720575940578734440
720575940578734952
720575940578803816
720575940578942360
720575940578981528
720575940579133848
720575940579134154
720575940579487741
720575940579648920
720575940579769465
720575940579770776
720575940579772824
720575940580400792
720575940581619911
720575940581620167
720575940581665800
720575940581753287
720575940581802749
720575940581847549
720575940582283326
720575940582507822
720575940582666798
720575940582787451
720575940583135867
720575940583445371
720575940583930323
720575940583933651
720575940585318422
720575940585489917
720575940585928982
720575940585943318
720575940587652244
720575940587652756
720575940588385428
